-1 0.645570 0.795455 0.202899 1
-1 0.886076 0.727273 0.681159 -1
-1 0.620253 0.681818 0.202899 1
-1 0.810127 0.727273 0.652174 -1
-1 0.594937 0.727273 0.188406 1
-1 0.873418 0.704545 0.710145 -1
-1 0.582278 0.704545 0.217391 1
-1 0.696203 0.522727 0.579710 -1
-1 0.632911 0.818182 0.202899 1
-1 0.822785 0.636364 0.666667 -1
-1 0.683544 0.886364 0.246377 1
-1 0.721519 0.636364 0.652174 -1
-1 0.582278 0.772727 0.202899 1
-1 0.797468 0.750000 0.681159 -1
-1 0.632911 0.772727 0.217391 1
-1 0.620253 0.545455 0.478261 -1
-1 0.556962 0.659091 0.202899 1
-1 0.835443 0.659091 0.666667 -1
-1 0.620253 0.704545 0.217391 1
-1 0.658228 0.613636 0.565217 -1
-1 0.683544 0.840909 0.217391 1
-1 0.632911 0.454545 0.507246 -1
-1 0.607595 0.772727 0.231884 1
-1 0.746835 0.681818 0.608696 -1
-1 0.607595 0.681818 0.202899 1
-1 0.759494 0.500000 0.579710 -1
-1 0.544304 0.681818 0.159420 1
-1 0.772152 0.659091 0.681159 -1
-1 0.734177 0.909091 0.173913 1
-1 0.708861 0.659091 0.521739 -1
-1 0.721519 1.000000 0.217391 1
-1 0.848101 0.704545 0.637681 -1
-1 0.683544 0.886364 0.188406 1
-1 0.708861 0.681818 0.652174 -1
-1 0.645570 0.795455 0.202899 1
-1 0.734177 0.613636 0.594203 -1
-1 0.721519 0.863636 0.246377 1
-1 0.784810 0.500000 0.652174 -1
-1 0.645570 0.863636 0.217391 1
-1 0.708861 0.568182 0.565217 -1
-1 0.683544 0.772727 0.246377 1
-1 0.746835 0.727273 0.695652 -1
-1 0.645570 0.840909 0.217391 1
-1 0.772152 0.636364 0.579710 -1
-1 0.582278 0.818182 0.144928 1
-1 0.797468 0.568182 0.710145 -1
-1 0.645570 0.750000 0.246377 1
-1 0.772152 0.636364 0.681159 -1
-1 0.607595 0.772727 0.275362 1
-1 0.810127 0.659091 0.623188 -1
-1 0.632911 0.681818 0.231884 1
-1 0.835443 0.681818 0.637681 -1
-1 0.632911 0.772727 0.231884 1
-1 0.860759 0.636364 0.695652 -1
-1 0.658228 0.795455 0.217391 1
-1 0.848101 0.681818 0.724638 -1
-1 0.658228 0.772727 0.202899 1
-1 0.759494 0.659091 0.652174 -1
-1 0.594937 0.727273 0.231884 1
-1 0.721519 0.590909 0.507246 -1
-1 0.607595 0.704545 0.231884 1
-1 0.696203 0.545455 0.550725 -1
-1 0.683544 0.772727 0.217391 1
-1 0.696203 0.545455 0.536232 -1
-1 0.658228 0.931818 0.217391 1
-1 0.734177 0.613636 0.565217 -1
-1 0.696203 0.954545 0.202899 1
-1 0.759494 0.613636 0.739130 -1
-1 0.620253 0.704545 0.217391 1
-1 0.683544 0.681818 0.652174 -1
-1 0.632911 0.727273 0.173913 1
-1 0.759494 0.772727 0.652174 -1
-1 0.696203 0.795455 0.188406 1
-1 0.848101 0.704545 0.681159 -1
-1 0.620253 0.704545 0.217391 1
-1 0.797468 0.522727 0.637681 -1
-1 0.556962 0.681818 0.188406 1
-1 0.708861 0.681818 0.594203 -1
-1 0.645570 0.772727 0.217391 1
-1 0.696203 0.568182 0.579710 -1
-1 0.632911 0.795455 0.188406 1
-1 0.696203 0.590909 0.637681 -1
-1 0.569620 0.522727 0.188406 1
-1 0.772152 0.681818 0.666667 -1
-1 0.556962 0.727273 0.188406 1
-1 0.734177 0.590909 0.579710 -1
-1 0.632911 0.795455 0.231884 1
-1 0.632911 0.522727 0.478261 -1
-1 0.645570 0.863636 0.275362 1
-1 0.708861 0.613636 0.608696 -1